0.5714285714285714
0
0
0
0
0
0.15384615384615385
0.1
1.0
0.2
0
0.5714285714285714
0
0
0
0
0
0
0.5714285714285714
0
0
0
0
0
0
0
0
0.8333333333333334
1.0
0
0
0
0
0.8333333333333334
0
0
1.0
0
0
0
0
0
0.2857142857142857
0.2
0.1
0.25
0.8333333333333334
0
0.8333333333333334
0
0
1.0
0
0.3333333333333333
0
1.0
0
0
1.0
0
0.8333333333333334
0
0
0
1.0
0.8333333333333334
0
0
0
0
0
0
0
0.4
0
0
0
0
0
0
0
0
0
0.2857142857142857
0
0
0
0
0.2857142857142857
0
0.2857142857142857
0
0.5714285714285714
0
0
0
0.2857142857142857
0
0
0.4
0.2857142857142857
0.5714285714285714
0.25
0.25
0.21052631578947367
0.8
0.8
0.21052631578947367
1.0
0.7894736842105263
0.5454545454545454
0.17391304347826086
0.8
0.8
0.8
0.7894736842105263
0.21052631578947367
0.2631578947368421
0.75
0.2631578947368421
0.75
0.631578947368421
0.8421052631578947
0.5217391304347826
0.75
0.75
0.75
0.8421052631578947
0.2631578947368421
0.21052631578947367
0.25
0.25
1.0
0.21052631578947367
0.42105263157894735
0.17391304347826086
0.6666666666666666
0.25
0.25
0.25
0.42105263157894735
1.0
0.8421052631578947
0.4
0.5
0.8421052631578947
0.5
0.8
0.25
1.0
0.25
0.8
0.631578947368421
0.631578947368421
0.2
1.0
1.0
1.0
0.631578947368421
0.25
0.8421052631578947
0.631578947368421
0.5217391304347826
0
0.75
0.75
0.75
0.75
0.8421052631578947
0.631578947368421
0.8
0.25
1.0
0.25
0.8
0.631578947368421
0.631578947368421
0.2
1.0
1.0
1.0
0.631578947368421
0.25
0.8421052631578947
0.631578947368421
0.5217391304347826
0.631578947368421
0.75
0.75
0.75
0.75
0.8421052631578947
0.21052631578947367
1.0
0.25
0.25
0.21052631578947367
0.42105263157894735
0.17391304347826086
0.6666666666666666
0.25
0.25
0.25
0.42105263157894735
1.0
0.8421052631578947
0
0.5
0.4
0
0
0
0
0.8421052631578947
0.5
1.0
0.21052631578947367
0.8
0.8
0.21052631578947367
0.7894736842105263
0.5454545454545454
0.17391304347826086
0.8
0.8
0.8
0.7894736842105263
0.21052631578947367
0.631578947368421
0.8421052631578947
0.75
0.2631578947368421
0.75
0
0.2631578947368421
0
0.5217391304347826
0.75
0.75
0.75
0.8421052631578947
0.2631578947368421
0.7894736842105263
0.42105263157894735
0.631578947368421
0.631578947368421
0.42105263157894735
0.7894736842105263
0.46153846153846156
0.34782608695652173
0.631578947368421
0.631578947368421
0.5454545454545454
0.8695652173913043
0.42105263157894735
0.631578947368421
0.5
0.5
0.23076923076923078
0.75
0.2631578947368421
0.75
0.5
0.3333333333333333
0.631578947368421
0.2631578947368421
0.5217391304347826
0.36363636363636365
0.3333333333333333
0.75
0.75
0.75
0.7619047619047619
0.2631578947368421
0.5454545454545454
0.17391304347826086
0.631578947368421
0.631578947368421
0.17391304347826086
0.5454545454545454
0.46153846153846156
0.24
0.631578947368421
0.631578947368421
0.631578947368421
0.46153846153846156
0.17391304347826086
0
0.12
0
0.75
0.75
0.8421052631578947
0.75
0
0.75
0.8421052631578947
0.631578947368421
0.08
0
0.08333333333333333
0.08333333333333333
0.631578947368421
0.08695652173913043
0.08695652173913043
0
0.75
0.11538461538461539
0.17391304347826086
0.6666666666666666
0.2
0.2
0.6666666666666666
0.17391304347826086
0.34782608695652173
0.24
0.2
0.2
0.2
0.34782608695652173
0.6666666666666666
0.12
0.5
0.09523809523809523
0
0.5
0
0.8421052631578947
0.1
0.5
0.8421052631578947
0.11538461538461539
0.8
0.25
1.0
1.0
0.25
0.8
0.631578947368421
0.631578947368421
0.2
1.0
1.0
0.631578947368421
0.25
0.8421052631578947
0.631578947368421
0.5217391304347826
0.631578947368421
0.75
0.75
0.75
0.75
0.8421052631578947
0.8
0.25
1.0
1.0
0.25
0.8
0.631578947368421
0.631578947368421
0.2
1.0
1.0
0.631578947368421
0.25
0.8421052631578947
0.631578947368421
0.5217391304347826
0.8421052631578947
0.75
0.75
0.75
0.75
0.631578947368421
0.8
0.25
1.0
1.0
0.25
0.8
0.5454545454545454
0.631578947368421
0.2
1.0
1.0
0.5714285714285714
0.25
0.8421052631578947
0.631578947368421
0.5217391304347826
0.631578947368421
0.75
0.75
0.75
0.75
0.8421052631578947
0.7894736842105263
0.42105263157894735
0.631578947368421
0.631578947368421
0.42105263157894735
0.7894736842105263
0.8695652173913043
0.46153846153846156
0.34782608695652173
0.631578947368421
0.631578947368421
0.5714285714285714
0.42105263157894735
0.631578947368421
0.2631578947368421
0.09523809523809523
0.5
0.23076923076923078
0.75
0.3157894736842105
0.75
0.47368421052631576
0.631578947368421
0.7272727272727273
0.5217391304347826
0.4
0.75
0.2631578947368421
0.75
0.75
0.5
0.21052631578947367
1.0
0.25
0.25
1.0
0.21052631578947367
0.42105263157894735
0.17391304347826086
0.6666666666666666
0.25
0.25
0.25
0.42105263157894735
0.8421052631578947
0.4
0.5
0.8421052631578947
0.5
1.0
0.47368421052631576
0.16666666666666666
0.8181818181818182
0.3333333333333333
0.25
0.9
0.9
0.6923076923076923
0
0.7692307692307693
0
0
0.6923076923076923
0.6923076923076923
0
0.75
0.4090909090909091
0
0.9230769230769231
1.0
0.47368421052631576
0.16666666666666666
0.8181818181818182
0.3333333333333333
0.25
0.9
0.9
0.6923076923076923
0.75
0.4090909090909091
0.7692307692307693
0
0.6923076923076923
0.6923076923076923
0.9230769230769231
0.47368421052631576
0.47368421052631576
0.24
0.42857142857142855
0.18181818181818182
0.13636363636363635
0.45
0.45
0.391304347826087
0.12
0
0
0.09090909090909091
0.09090909090909091
0.10714285714285714
0.09090909090909091
0
0.09090909090909091
0.10714285714285714
0.08
0.7692307692307693
0
0.6923076923076923
0.6923076923076923
0.08
0.75
0.75
0
0.09090909090909091
0.9230769230769231
0.16666666666666666
0.16666666666666666
0.24
0.21052631578947367
0.46153846153846156
0.5
0.15789473684210525
0.15789473684210525
0.3157894736842105
0.12
0.1111111111111111
0.5833333333333334
0
0.1111111111111111
0
0.10714285714285714
0.5
0.1111111111111111
0.10714285714285714
0.9230769230769231
0.8181818181818182
0.8181818181818182
0.42857142857142855
0.21052631578947367
0.38461538461538464
0.3076923076923077
0.9090909090909091
0.9090909090909091
0.8461538461538461
0.75
0.38461538461538464
0.4090909090909091
0.9230769230769231
0.5833333333333334
0.6923076923076923
0.6923076923076923
0.75
0.3333333333333333
0.3333333333333333
0.18181818181818182
0.46153846153846156
0.38461538461538464
0.8571428571428571
0.3076923076923077
0.3076923076923077
0.5384615384615384
0.3333333333333333
0.7692307692307693
0.5
0
0.9230769230769231
0.25
0.25
0.13636363636363635
0.5
0.3076923076923077
0.8571428571428571
0.23076923076923078
0.23076923076923078
0.46153846153846156
0.5833333333333334
0.3333333333333333
0
0.9230769230769231
0
0.9
0.9
0.45
0.15789473684210525
0.9090909090909091
0.3076923076923077
0.23076923076923078
1.0
0.7692307692307693
0.75
0.38461538461538464
0.4090909090909091
0.9230769230769231
0.7692307692307693
0.6923076923076923
0.75
0.9
0.9
0.45
0.15789473684210525
0.9090909090909091
0.3076923076923077
0.23076923076923078
1.0
0.7692307692307693
0.75
0.38461538461538464
0.4090909090909091
0.7692307692307693
0.6923076923076923
0.75
0.9230769230769231
0.6923076923076923
0.6923076923076923
0.391304347826087
0.3157894736842105
0.8461538461538461
0.5384615384615384
0.46153846153846156
0.7692307692307693
0.7692307692307693
0.38461538461538464
0
0.7692307692307693
0.5833333333333334
0
0.6923076923076923
0.6923076923076923
0.75
0.75
0.4090909090909091
0.3333333333333333
0.5
0
0
0
1.0
1.0
0.3333333333333333
0.625
1.0
0.09523809523809523
0.25
0.8333333333333334
0.2222222222222222
1.0
0.5555555555555556
0
0.8333333333333334
0
0
1.0
0
0.8333333333333334
0
0
0
0
1.0
0
0
0
0
0
0
0
0
0
0
0.8333333333333334
0
0
0
0
0
0
0
0
0.3333333333333333
0.3333333333333333
0
0
0.3333333333333333
0
0
0
0
0
0
0
0
0
0
0
0
0
0
0.625
0.8333333333333334
0
0
0.14285714285714285
0.2222222222222222
0.25
0.2727272727272727
0.625
1.0
1.0
1.0
0
0.3333333333333333
0
0
0
0.8333333333333334
0
0.8333333333333334
0
0
0
0
0.09523809523809523
0
0
0.14285714285714285
0
0.09523809523809523
0
0
0.25
0.2
0.2
0.18181818181818182
0.2
0.18181818181818182
0.2857142857142857
0.25
0.16666666666666666
0.2222222222222222
0.16666666666666666
0.2222222222222222
0
0.16666666666666666
0
0.2727272727272727
0
0.18181818181818182
0
0
0.25
0
0
0.2222222222222222
0
0.09523809523809523
0.2857142857142857
0.2222222222222222
0
0.3333333333333333
0.2857142857142857
0
1.0
0
0
0
0
1.0
1.0
1.0
0
0.7894736842105263
0.8421052631578947
0.46153846153846156
0.7894736842105263
0.631578947368421
0.631578947368421
0.631578947368421
0.631578947368421
1.0
0.8
0.25
0.75
0.25
0
1.0
0.3333333333333333
0.25
0
0.8
0.3333333333333333
0.631578947368421
0.2
0
1.0
1.0
1.0
0.631578947368421
0.3333333333333333
0.7894736842105263
0.631578947368421
0.5454545454545454
1.0
0.8
0.8
0.8
0.8
0.7894736842105263
0.3333333333333333
0.75
1.0
0.3333333333333333
0.8
0.631578947368421
0.631578947368421
1.0
1.0
1.0
0.631578947368421
0.3333333333333333
0.46153846153846156
0.5454545454545454
0.5217391304347826
0.5454545454545454
0.631578947368421
0.631578947368421
0.631578947368421
0.631578947368421
0.46153846153846156
0.75
0
0.09090909090909091
0
1.0
0.631578947368421
1.0
0
1.0
0.631578947368421
0.8
0.09523809523809523
0
0.1
0.1
0.8
0.10526315789473684
0.10526315789473684
0
1.0
0.08695652173913043
0.7894736842105263
1.0
0.631578947368421
0.5454545454545454
0.8
0.8
0.8
0.8
0.7894736842105263
0.8
0.631578947368421
0.75
1.0
0.3333333333333333
0
0.3333333333333333
0
0.631578947368421
1.0
1.0
1.0
0.631578947368421
0.3333333333333333
0.631578947368421
0.8
0.75
0.631578947368421
0.8
1.0
1.0
1.0
0.631578947368421
0.631578947368421
0.8
0.75
0.631578947368421
0
1.0
1.0
1.0
0.631578947368421
0.8
0.631578947368421
0.8
0.75
0.631578947368421
0.8
1.0
1.0
1.0
0.631578947368421
0.631578947368421
0.8
0.75
0.631578947368421
0.8
1.0
1.0
1.0
0.631578947368421
0.631578947368421
0.8
0.75
0.631578947368421
0.8
1.0
1.0
1.0
0.631578947368421
0.631578947368421
0.8
0.75
0.631578947368421
0.631578947368421
1.0
1.0
1.0
0.8
0.631578947368421
0.8
0.75
0.631578947368421
0.8
1.0
1.0
1.0
0.631578947368421
0.631578947368421
0.8
0.75
0.631578947368421
0.8
1.0
1.0
1.0
0.631578947368421
1.0
0.7894736842105263
0.8421052631578947
0.46153846153846156
0.7894736842105263
0.631578947368421
0.631578947368421
0.631578947368421
0.631578947368421
0.8
0.3333333333333333
0.75
0
0.25
0
1.0
0.3333333333333333
0.25
0.8
0.631578947368421
0.631578947368421
0.2
1.0
0.3333333333333333
1.0
1.0
0.25
0
0.8421052631578947
0.42105263157894735
0.34782608695652173
0
0
0
0
1.0
0.42105263157894735
0.21052631578947367
1.0
0.5
1.0
0
0.25
0.23076923076923078
0.25
0
0.21052631578947367
0.23076923076923078
0.17391304347826086
0.6666666666666666
0
0.25
0.25
0.25
0.42105263157894735
0.23076923076923078
0.42105263157894735
0
0.5
0.6666666666666666
0
0
0
0
0.42105263157894735
1.0
0.42105263157894735
0.5
0.6666666666666666
0.42105263157894735
1.0
0.34782608695652173
0
0.4
0.6666666666666666
0
0
0
0
0.34782608695652173
0.6666666666666666
0.5
0.1111111111111111
1.0
0.15384615384615385
0
0
0.42105263157894735
0.16666666666666666
1.0
0.42105263157894735
0.10526315789473684
0
0
0
0
0
0
0
0
0
0
0
0
0
0
0
0
0
0
0
0
0
0
0.15384615384615385
0
0
0
0
0.16
0.15384615384615385
0.35714285714285715
0
0
0
0
0.25
0.25
0.23076923076923078
0.15384615384615385
0.25
0.5
0.2727272727272727
0.14285714285714285
0
0.1
0
0
0
0
0.16
0.1
0.18181818181818182
0
0
0
0.2222222222222222
0.18181818181818182
0.18181818181818182
0.18181818181818182
0.18181818181818182
0.16666666666666666
0.25
0.2222222222222222
0.5
0.2
0.15384615384615385
0.2
0
0.15384615384615385
0
0.15384615384615385
0
0.2727272727272727
0
0
1.0
0
0
0
0
0.15384615384615385
0.1
0.2
0
0
0
0
0
0
0
0
0.5714285714285714
0
0
0
0
0
0
1.0
0.2
0.8421052631578947
0.42105263157894735
0.34782608695652173
0
0.35714285714285715
0.18181818181818182
0.2
0.42105263157894735
0.21052631578947367
0.23076923076923078
0.47368421052631576
0.19047619047619047
1.0
0.2857142857142857
0.25
0.3125
0.25
0.21052631578947367
0.4166666666666667
0.17391304347826086
0.6666666666666666
0.25
0.23076923076923078
0.25
0.25
1.0
0.42105263157894735
0
0.5
1.0
0.6666666666666666
0
0
0
0
0.42105263157894735
0.42105263157894735
0.5
0.6666666666666666
0.42105263157894735
1.0
0.2222222222222222
0.2727272727272727
0.2222222222222222
0.18181818181818182
0
0.2
0.18181818181818182
0
0.16666666666666666
0.14285714285714285
0
0
0
0.2222222222222222
0.2857142857142857
0.5
0.2727272727272727
0.2857142857142857
0.2857142857142857
0
0.2222222222222222
0
0
0.14285714285714285
0.2857142857142857
0.2222222222222222
0.5
0.2857142857142857
0
0
0
1.0
1.0
0
0
1.0
0
0
0
0
0
1.0
0
0
0
1.0
0.3888888888888889
0.7142857142857143
0.7142857142857143
0.45454545454545453
0.8333333333333334
0.3888888888888889
0.8333333333333334
1.0
0.3888888888888889
0.2777777777777778
0.2777777777777778
0
0.5
0.25
0.2
0.2
0.2
0.18181818181818182
1.0
0.2857142857142857
0.25
0.16666666666666666
0.8333333333333334
0.45454545454545453
0.8333333333333334
0
0.16666666666666666
0
0.16666666666666666
0
0.18181818181818182
0
0
0.7142857142857143
0.2777777777777778
0.6666666666666666
0.8571428571428571
0.3333333333333333
0
0.7142857142857143
0.2777777777777778
0.6666666666666666
0.8571428571428571
0.3333333333333333
0.3
0.42105263157894735
0.3
0.45454545454545453
0
0.3
0.2727272727272727
0
0.25
0.3888888888888889
0
0
1.0
0.18181818181818182
0.3
0.2777777777777778
0.6666666666666666
0.8333333333333334
0.3888888888888889
0.8571428571428571
0.42105263157894735
0.2777777777777778
0.2777777777777778
0.3888888888888889
0
0
0.2222222222222222
0.3
0.18181818181818182
0.18181818181818182
0.16666666666666666
1.0
0.25
0.2222222222222222
0.15384615384615385
0.7142857142857143
0.45454545454545453
0.7142857142857143
0
0.25
0
0.15384615384615385
0
0.2727272727272727
0
0.3
0.6666666666666666
0.2777777777777778
0.8333333333333334
0.3888888888888889
0.8571428571428571
0
0
0.2222222222222222
0.375
0
0
0
0.3
0.2222222222222222
0
0
0
1.0
0.8333333333333334
0
0
0
0
0
1.0
0
0
0
0
0
0
0
0
0
0.8333333333333334
0
0
0
0
0
0
0
0
0
0.375
0.8333333333333334
0.5555555555555556
0
0
0
0.2857142857142857
0.3
1.0
0.625
0
0
0
0
0
0
1.0
0
0
0
0
0.5
0
0.6666666666666666
0.375
0
0
1.0
0
0
0.8333333333333334
0
0
0
1.0
0
0.8333333333333334
0
0
0
0
0
0
0
0
1.0
0
0.5
0.6666666666666666
0
0.375
0.7894736842105263
0.631578947368421
0.8
0.5333333333333333
0.8
0
0.5333333333333333
0
0.5454545454545454
0.8
0.8
0.8
0.7894736842105263
0.5333333333333333
0.5333333333333333
0.631578947368421
0.8
0.5333333333333333
0.8
0.7894736842105263
0.5454545454545454
0.8
0.8
0.8
0.7894736842105263
0.5333333333333333
0.7894736842105263
0.8421052631578947
0.631578947368421
0.42105263157894735
0.631578947368421
0
0.42105263157894735
0
0.46153846153846156
0.631578947368421
0.631578947368421
0.631578947368421
1.0
0.42105263157894735
1.0
0.21052631578947367
0.631578947368421
0.21052631578947367
0
0.8
0.5333333333333333
0.8
0.21052631578947367
0
0.5333333333333333
0.5454545454545454
0.17391304347826086
0
0.8
0.8
0.8
0.7894736842105263
0.5333333333333333
0.8
0.631578947368421
0.75
0.3333333333333333
1.0
0
0.3333333333333333
0
0.631578947368421
1.0
1.0
1.0
0.631578947368421
0.3333333333333333
0.7894736842105263
1.0
0.631578947368421
0.5454545454545454
0
0.8
0.8
0.8
0.8
0.7894736842105263
0.5333333333333333
0.42105263157894735
0.2631578947368421
0.3333333333333333
0.3333333333333333
0
1.0
0
0.22727272727272727
0.3333333333333333
0.3333333333333333
0.3333333333333333
0.42105263157894735
1.0
0.7894736842105263
1.0
0
0.5333333333333333
0.7894736842105263
0.5333333333333333
0.5333333333333333
0.42105263157894735
0.2631578947368421
0.3333333333333333
1.0
0.3333333333333333
0
0
0.22727272727272727
0.3333333333333333
0.3333333333333333
0.3333333333333333
0.42105263157894735
1.0
0.7894736842105263
1.0
0.5333333333333333
0.7894736842105263
0.5333333333333333
0.5454545454545454
0.46153846153846156
0.5217391304347826
0.631578947368421
0.22727272727272727
0.631578947368421
0
0.22727272727272727
0
0.631578947368421
0.631578947368421
0.631578947368421
0.46153846153846156
0.22727272727272727
0.631578947368421
0
0.08
0
0.8
0.8
0.7894736842105263
0.8
0
0.8
0.7894736842105263
1.0
0.08333333333333333
0
0.08695652173913043
0.08695652173913043
0.09090909090909091
0.09090909090909091
0
0.8
0.07692307692307693
0.8
0.631578947368421
0.75
1.0
0.3333333333333333
1.0
0
0.3333333333333333
0
0.631578947368421
1.0
1.0
0.631578947368421
0.3333333333333333
0.7894736842105263
1.0
0.631578947368421
0.5454545454545454
0.8
0.8
0.8
0.8
0.7894736842105263
0.8
0.631578947368421
0.75
1.0
0.3333333333333333
1.0
0
0.3333333333333333
0
0.631578947368421
1.0
1.0
0.631578947368421
0.3333333333333333
0.7894736842105263
1.0
0.631578947368421
0.5454545454545454
0.7894736842105263
0.8
0.8
0.8
0.8
0.8
0.631578947368421
0.75
1.0
0.3333333333333333
1.0
0
0.3333333333333333
0
0.631578947368421
1.0
1.0
0.631578947368421
0.3333333333333333
0.7894736842105263
1.0
0.631578947368421
0.5454545454545454
0.8
0.8
0.8
0.8
0.7894736842105263
0.7894736842105263
1.0
0.8421052631578947
0.631578947368421
0.42105263157894735
0.631578947368421
0
0.42105263157894735
0
0.46153846153846156
0.631578947368421
0.631578947368421
0.631578947368421
0.42105263157894735
1.0
0.5333333333333333
0.631578947368421
0
0.21052631578947367
0
0.8
0.5333333333333333
0.8
0.21052631578947367
0.7894736842105263
0.5454545454545454
0.17391304347826086
0.8
0.5333333333333333
0.8
0.8
0.21052631578947367
0.5333333333333333
0.42105263157894735
0.2631578947368421
0.3333333333333333
1.0
0.3333333333333333
0
1.0
0
0.22727272727272727
0.3333333333333333
0.3333333333333333
0.3333333333333333
0.42105263157894735
0.7894736842105263
0.5333333333333333
0.7894736842105263
0.5333333333333333
1.0
0
0
0
0
0.7894736842105263
0.8421052631578947
0.46153846153846156
0.7894736842105263
0.631578947368421
0.631578947368421
0.631578947368421
0.631578947368421
1.0
0.8
0.25
0.75
0.25
0
1.0
0.3333333333333333
1.0
0.25
0
0.8
0.3333333333333333
0.631578947368421
0.2
0
1.0
1.0
0.631578947368421
0.3333333333333333
0.7894736842105263
0.631578947368421
0.5454545454545454
1.0
0.8
0.8
0.8
0.8
0.7894736842105263
0.3333333333333333
0.75
1.0
0.3333333333333333
1.0
0.8
0.631578947368421
0.631578947368421
1.0
1.0
0.631578947368421
0.3333333333333333
0.46153846153846156
0.5454545454545454
0.5217391304347826
0.5454545454545454
0.631578947368421
0.631578947368421
0.631578947368421
0.631578947368421
0.46153846153846156
0.75
0
0.09090909090909091
0
1.0
1.0
0.631578947368421
0
1.0
0.631578947368421
0.8
0.09523809523809523
0
0.1
0.1
0.8
0.10526315789473684
0.10526315789473684
0
1.0
0.08695652173913043
0.631578947368421
0.8
0.75
0.631578947368421
0.8
1.0
1.0
1.0
0.631578947368421
0.631578947368421
0.8
0.75
0.631578947368421
0
1.0
1.0
1.0
0.631578947368421
0.8
0.631578947368421
0.8
0.75
0.631578947368421
0.8
1.0
1.0
1.0
0.631578947368421
0.631578947368421
0.8
0.75
0.631578947368421
0.631578947368421
1.0
1.0
1.0
0.8
0.631578947368421
0.8
0.75
0.631578947368421
0.8
1.0
1.0
1.0
0.631578947368421
0.631578947368421
0.8
0.75
0.631578947368421
0.8
1.0
1.0
1.0
0.631578947368421
1.0
0.7894736842105263
0.8421052631578947
0.46153846153846156
0.7894736842105263
0.631578947368421
0.631578947368421
0.631578947368421
0.631578947368421
0.8
0.3333333333333333
0.75
0
0.25
0
1.0
0.3333333333333333
1.0
0.25
0.8
0.631578947368421
0.631578947368421
0.2
0.3333333333333333
1.0
1.0
0.25
0.3888888888888889
0.3333333333333333
0
0
0.2857142857142857
0.2222222222222222
0.2222222222222222
0.2222222222222222
0.2
0.8333333333333334
0.7142857142857143
0.3333333333333333
0.2857142857142857
0.18181818181818182
0.6666666666666666
0.3
0
0.18181818181818182
0
0.18181818181818182
0
0.2
0
0.5833333333333334
0.46153846153846156
0
0.5384615384615384
0
0.5
0.5
0.3076923076923077
0
0.46153846153846156
0.46153846153846156
0.3333333333333333
0
0.3157894736842105
0
0.1
0.5
0.16666666666666666
0.8571428571428571
0
0.16666666666666666
0
0.08695652173913043
0.16666666666666666
0.08695652173913043
0.46153846153846156
0.5384615384615384
0.9230769230769231
0.3157894736842105
0
0
0.2
0.5
0
0.3076923076923077
0.8571428571428571
0
0.23076923076923078
0.23076923076923078
0.25
0.25
0.13636363636363635
0.5
0
0
0
0
0
0
1.0
0
1.0
0
0.7894736842105263
0.8421052631578947
0.46153846153846156
1.0
0.631578947368421
0.631578947368421
0.631578947368421
0.631578947368421
0.7894736842105263
0.8
0.25
0.75
0.25
0
1.0
0.3333333333333333
1.0
0.25
0
0.8
0.3333333333333333
0.631578947368421
0.2
0
1.0
1.0
0.631578947368421
0.3333333333333333
0.7894736842105263
0.631578947368421
0.5454545454545454
0.7894736842105263
0.8
0.8
0.8
0.8
1.0
0.3333333333333333
0.75
1.0
0.3333333333333333
1.0
0.8
0.631578947368421
0.631578947368421
1.0
1.0
0.631578947368421
0.3333333333333333
0.46153846153846156
0.5454545454545454
0.5217391304347826
0.46153846153846156
0.631578947368421
0.631578947368421
0.631578947368421
0.631578947368421
0.5454545454545454
0.75
0
0.09090909090909091
0
1.0
1.0
0.631578947368421
1.0
0
0.631578947368421
0.8
0.09523809523809523
0
0.1
0.1
0.8
0.10526315789473684
0.10526315789473684
0
1.0
0.08695652173913043
1.0
0.7894736842105263
0.8421052631578947
0.46153846153846156
0.631578947368421
0.631578947368421
0.631578947368421
0.631578947368421
0.7894736842105263
0.8
0.3333333333333333
0.75
0
0.25
0
1.0
0.3333333333333333
1.0
0.25
0.8
0.631578947368421
0.631578947368421
0.2
1.0
0.3333333333333333
1.0
0.25
0.631578947368421
0.8
0.75
0.631578947368421
0.631578947368421
1.0
1.0
1.0
0.8
0.631578947368421
0.8
0.75
0.631578947368421
0
1.0
1.0
1.0
0.631578947368421
0.8
0.631578947368421
0.8
0.75
0.631578947368421
0.631578947368421
1.0
1.0
1.0
0.8
0.631578947368421
0.8
0.75
0.631578947368421
0.8
1.0
1.0
1.0
0.631578947368421
0.10526315789473684
0
0
0.10526315789473684
0.7142857142857143
0.7142857142857143
0.2857142857142857
0
0.3333333333333333
0.25
0.25
0.25
0.2222222222222222
0.25
0.2222222222222222
0.4
0.2
0.2857142857142857
0.2
0.2857142857142857
1.0
0.2
1.0
0.2
0.2
0.2222222222222222
0
0
0.7142857142857143
1.0
0.7142857142857143
1.0
0
0.7142857142857143
1.0
0
0.7142857142857143
1.0
0.5333333333333333
0.631578947368421
0
0.21052631578947367
0
0.8
0.5333333333333333
0.8
0.21052631578947367
1.0
0.7894736842105263
0.5454545454545454
0.17391304347826086
0.8
0.5333333333333333
0.8
0.8
0.21052631578947367
0.42105263157894735
0.8421052631578947
0.631578947368421
0.42105263157894735
0.631578947368421
0.7894736842105263
1.0
0.46153846153846156
0.631578947368421
0.631578947368421
0.631578947368421
0.42105263157894735
0.5333333333333333
0.2631578947368421
0
0.23076923076923078
0
0.3333333333333333
1.0
0.3333333333333333
0.23076923076923078
0.5333333333333333
0.42105263157894735
0.22727272727272727
0.17647058823529413
0.3333333333333333
1.0
0.3333333333333333
0.3333333333333333
0.23076923076923078
1.0
0.7894736842105263
0.7894736842105263
0.42105263157894735
0.42105263157894735
0
0
0.09523809523809523
0
0.16
0
0.09523809523809523
0
0.19047619047619047
0
0.08
0
0
0
0
0
0
0
0
0
0.2
0.16666666666666666
0.16666666666666666
0.16666666666666666
0.5
0.16666666666666666
0.15384615384615385
0.2222222222222222
0.2
0.18181818181818182
0.14285714285714285
0.18181818181818182
0
0.14285714285714285
0
0.14285714285714285
0
0.25
0
0.21052631578947367
0.23076923076923078
0.5
0
0
0.25
0.23076923076923078
0.25
1.0
0.21052631578947367
0.42105263157894735
0.17391304347826086
0.6666666666666666
0.25
0.23076923076923078
0.25
0.25
1.0
1.0
0.8421052631578947
0.34782608695652173
0.42105263157894735
0.42105263157894735
0
0
0.23076923076923078
0.16
0
0
0.14285714285714285
0
0.2857142857142857
0
0.25
0
0
0
0
0
0
0
0
0
0
0.2222222222222222
0.2222222222222222
0.4166666666666667
0.14285714285714285
0.2222222222222222
0.5
0.25
0.13333333333333333
0.8
0.3333333333333333
0.75
0
0.25
0
0.3333333333333333
1.0
0.25
0.8
0.631578947368421
0.631578947368421
0.2
1.0
0.3333333333333333
1.0
1.0
0.25
1.0
0.7894736842105263
0.8421052631578947
0.46153846153846156
0
0.631578947368421
0.631578947368421
0.631578947368421
0.631578947368421
0.7894736842105263
0.5333333333333333
1.0
0.3157894736842105
0.09523809523809523
0.23076923076923078
0.14285714285714285
0.3333333333333333
0.3333333333333333
0.3125
0.5333333333333333
0.4090909090909091
0.22727272727272727
0.17647058823529413
0.3333333333333333
1.0
0.3333333333333333
0.3333333333333333
0.23076923076923078
1.0
0.7894736842105263
0.7894736842105263
0.3
0.38095238095238093
0.42105263157894735
0.7894736842105263
0.42105263157894735
0.7272727272727273
0.08
0.42105263157894735
0.25
0.631578947368421
0.4090909090909091
0.631578947368421
0.4166666666666667
0.7894736842105263
0.46153846153846156
0.34782608695652173
0.631578947368421
0.42105263157894735
0.631578947368421
0.631578947368421
0.42105263157894735
0.7894736842105263
0.38095238095238093
0.7619047619047619
0.42105263157894735
0.35714285714285715
0.631578947368421
0.42105263157894735
0.631578947368421
0.42105263157894735
0.2222222222222222
0.7894736842105263
0.42105263157894735
0.46153846153846156
0.34615384615384615
0.2222222222222222
0.631578947368421
0.631578947368421
0.631578947368421
0.42105263157894735
0.5454545454545454
0.22727272727272727
0.5217391304347826
0
0.17391304347826086
0
0.631578947368421
0.22727272727272727
0.631578947368421
0.17391304347826086
0.5454545454545454
0.46153846153846156
0.24
0.631578947368421
0.22727272727272727
0.631578947368421
0.631578947368421
0.17391304347826086
0.8421052631578947
0
0.10714285714285714
0
0.631578947368421
0.631578947368421
1.0
0.631578947368421
0
0.631578947368421
0.7894736842105263
0.07142857142857142
0
0.07407407407407407
0.07407407407407407
0.7894736842105263
0.07692307692307693
0.07692307692307693
0
0.631578947368421
0.10344827586206896
0.17391304347826086
0.17647058823529413
0.4
0
0.6666666666666666
0
0.2
0.17647058823529413
0.2
0.6666666666666666
0.17391304347826086
0.34782608695652173
0.24
0.2
0.17647058823529413
0.2
0.2
0.6666666666666666
0.8421052631578947
0.10714285714285714
0.42105263157894735
0.08333333333333333
0
0.42105263157894735
0
1.0
0.08695652173913043
0.42105263157894735
0.10344827586206896
0.5333333333333333
1.0
0.2631578947368421
0
0.23076923076923078
0
0.3333333333333333
1.0
0.3333333333333333
0.23076923076923078
0.5333333333333333
0.42105263157894735
0.22727272727272727
0.17647058823529413
0.3333333333333333
0.3333333333333333
0.3333333333333333
0.23076923076923078
1.0
0.42105263157894735
0.42105263157894735
0.7894736842105263
0.7894736842105263
0.8
0.3333333333333333
0.75
0
0.25
0
1.0
0.3333333333333333
1.0
0.25
0.8
0.631578947368421
0.631578947368421
0.2
1.0
0.3333333333333333
1.0
0.25
1.0
0.7894736842105263
0.8421052631578947
0.46153846153846156
0.7894736842105263
0.631578947368421
0.631578947368421
0.631578947368421
0.631578947368421
0.21052631578947367
0.23076923076923078
0.5
0
1.0
0
0.25
0.23076923076923078
0.25
1.0
0.21052631578947367
0.42105263157894735
0.17391304347826086
0.6666666666666666
0.25
0.23076923076923078
0.25
0.25
1.0
0.8421052631578947
0.34782608695652173
0.42105263157894735
0.42105263157894735
0.2631578947368421
0.3333333333333333
1.0
0.3333333333333333
0.5333333333333333
0.42105263157894735
0.22727272727272727
0.3333333333333333
0.3333333333333333
0.3333333333333333
0.42105263157894735
1.0
0.7894736842105263
1.0
0.5333333333333333
0.7894736842105263
0.5333333333333333
0.3333333333333333
0.75
0.3333333333333333
1.0
0.8
0.631578947368421
0.631578947368421
1.0
1.0
1.0
0.631578947368421
0.3333333333333333
0.7894736842105263
0.631578947368421
0.5454545454545454
0
0.8
0.8
0.8
0.8
0.7894736842105263
1.0
1.0
0.2631578947368421
0.3333333333333333
0.3333333333333333
0.5333333333333333
0.42105263157894735
0.22727272727272727
0.3333333333333333
0.3333333333333333
0.3333333333333333
0.42105263157894735
1.0
0.7894736842105263
1.0
0
0.5333333333333333
0.7894736842105263
0.5333333333333333
0.42105263157894735
0.8421052631578947
0.631578947368421
0.42105263157894735
0.631578947368421
0.7894736842105263
0.46153846153846156
0.631578947368421
0.631578947368421
0.631578947368421
1.0
0.42105263157894735
0.21052631578947367
0.631578947368421
0.21052631578947367
0
0.8
0.5333333333333333
0.8
0.21052631578947367
0
1.0
0.5333333333333333
0.5454545454545454
0.17391304347826086
0
0.8
0.8
0.8
0.7894736842105263
0.5333333333333333
0.22727272727272727
0.5217391304347826
0.631578947368421
0.22727272727272727
0.631578947368421
0.5454545454545454
0.46153846153846156
0.631578947368421
0.631578947368421
0.631578947368421
0.46153846153846156
0.22727272727272727
0.631578947368421
0
0.08
0
0.8
0.8
0.7894736842105263
0.8
0
0.8
0.7894736842105263
0.08333333333333333
0
0.08695652173913043
0.08695652173913043
1.0
0.09090909090909091
0.09090909090909091
0
0.8
0.07692307692307693
0.3333333333333333
0.75
1.0
0.3333333333333333
1.0
0.8
0.631578947368421
0.631578947368421
1.0
1.0
0.631578947368421
0.3333333333333333
0.7894736842105263
0.631578947368421
0.5454545454545454
1.0
0.8
0.8
0.8
0.8
0.7894736842105263
1.0
0.2631578947368421
0.3333333333333333
1.0
0.3333333333333333
0.5333333333333333
0.42105263157894735
0.22727272727272727
0.3333333333333333
0.3333333333333333
0.3333333333333333
0.42105263157894735
0.7894736842105263
0.5333333333333333
0.7894736842105263
0.5333333333333333
1.0
0.2222222222222222
0.2857142857142857
0.3333333333333333
0.25
0.3888888888888889
0.3333333333333333
0
0
0.2857142857142857
0.2222222222222222
0.2222222222222222
0.2222222222222222
0.2
0.8333333333333334
0.7142857142857143
0.3333333333333333
0.2857142857142857
0.18181818181818182
0.3
0.6666666666666666
0
0.18181818181818182
0
0.18181818181818182
0
0.2
0
0.8421052631578947
0.34782608695652173
0.42105263157894735
1.0
0.42105263157894735
0.21052631578947367
1.0
0.5
0
0.25
0.23076923076923078
0.25
1.0
0
0.21052631578947367
0.23076923076923078
0.17391304347826086
0.6666666666666666
0
0.25
0.25
0.25
0.42105263157894735
0.23076923076923078
0.34782608695652173
0.4
0.6666666666666666
0.34782608695652173
0.6666666666666666
0.5
0.1111111111111111
0.15384615384615385
0
1.0
0
0.42105263157894735
0.16666666666666666
1.0
0.42105263157894735
0.10526315789473684
0.42105263157894735
0.5
0.6666666666666666
1.0
0.42105263157894735
0.42105263157894735
0.5
0.6666666666666666
1.0
0.42105263157894735
0
0.7692307692307693
0
0
0.9090909090909091
0.9090909090909091
0
0.8181818181818182
0.42857142857142855
0
0.8461538461538461
0.5
0.47368421052631576
0.6923076923076923
0.3333333333333333
0.75
0.9
0.9
1.0
0
0
0
0.1875
0
0
0
0.14285714285714285
0.13333333333333333
0.11764705882352941
0.25
0
0
0
0.2222222222222222
0.2222222222222222
0.13333333333333333
0.2222222222222222
0.14285714285714285
0.15384615384615385
0.25
0.3076923076923077
0
0
0
0.1875
0
0
0
0.18181818181818182
0.16666666666666666
0.23076923076923078
0.13333333333333333
0.2
0
0
0.2222222222222222
0.14285714285714285
0.13043478260869565
0
0
0.25
0
0.6923076923076923
0.9090909090909091
0
0
1.0
0
0.9
0.45
0
0.7692307692307693
0.5
0.47368421052631576
0.6923076923076923
0.8181818181818182
0.75
0.9
1.0
0
0.6923076923076923
0.9090909090909091
0
0
1.0
0
0.9
0.45
0
0.7692307692307693
0.5
0.47368421052631576
0.8181818181818182
0.75
0.9
1.0
0.6923076923076923
0
0.75
0.8181818181818182
0.14285714285714285
0.18181818181818182
0.9
0.9
0
0.47619047619047616
0.625
0.5294117647058824
0.43478260869565216
0.8181818181818182
0.45454545454545453
0.75
0.9
0.9
0.6923076923076923
0
0.4090909090909091
0.42857142857142855
0.13333333333333333
0.16666666666666666
0.45
0.45
0
0.47619047619047616
0.5555555555555556
0.32142857142857145
0.08695652173913043
0
0.75
0
0.10526315789473684
0.10526315789473684
0.07692307692307693
0.10526315789473684
0.16666666666666666
0.10526315789473684
0.07692307692307693
0.09090909090909091
0.8181818181818182
0
0.9
0.9
0.09090909090909091
0.8333333333333334
0.45454545454545453
0.10526315789473684
0.6923076923076923
0
0
0
0.11764705882352941
0.23076923076923078
0
0
0
0.625
0.5555555555555556
0.13333333333333333
0.18181818181818182
0.625
0.5555555555555556
0.16666666666666666
0.13043478260869565
0
0.9230769230769231
0.8461538461538461
0.25
0.13333333333333333
0.7692307692307693
0.7692307692307693
0
0.5294117647058824
0.32142857142857145
0.13333333333333333
0.5
0.75
0.26666666666666666
0.6428571428571429
0.25
0.2222222222222222
0.6923076923076923
0.9
1.0
0.47368421052631576
0.16666666666666666
0.25
0
0
0.2222222222222222
0.7894736842105263
0.7894736842105263
0
0.42105263157894735
1.0
0.42105263157894735
0.5333333333333333
0.23076923076923078
0.2631578947368421
0.23076923076923078
0
0.3333333333333333
0.3333333333333333
0.23076923076923078
0
0.5333333333333333
1.0
0.22727272727272727
0.17647058823529413
0
0.3333333333333333
0.3333333333333333
0.3333333333333333
0.42105263157894735
1.0
0
0
0
0.3333333333333333
0.3
0
0
0
0
0
0
0.25
0.2727272727272727
0
0
0
0
0.42105263157894735
0.5333333333333333
0.5333333333333333
0.3333333333333333
0.38095238095238093
1.0
0.42105263157894735
0.5333333333333333
0.5333333333333333
0.42105263157894735
1.0
0.42105263157894735
0.5333333333333333
0.5333333333333333
0
1.0
0.42105263157894735
0.42105263157894735
1.0
0.42105263157894735
0.5333333333333333
0.5333333333333333
0.7142857142857143
0.7142857142857143
0.2857142857142857
0
0
0
0
0
0
0
0
0
1.0
0
0
0
0
0
1.0
0
0.2
0
0
0.7142857142857143
1.0
0
0.7142857142857143
1.0
0.7894736842105263
0.8421052631578947
0.46153846153846156
0.7894736842105263
0.631578947368421
0.631578947368421
0.631578947368421
0.631578947368421
1.0
0.8
0.25
0.75
0.25
0
1.0
0.3333333333333333
1.0
0.25
0
0.8
0.3333333333333333
0.631578947368421
0.2
0
1.0
1.0
0.631578947368421
0.3333333333333333
0.46153846153846156
0.5454545454545454
0.5217391304347826
0.5454545454545454
0.631578947368421
0.631578947368421
0.631578947368421
0.631578947368421
0.46153846153846156
0.75
0
0.09090909090909091
0
1.0
1.0
0.631578947368421
1.0
0
1.0
0.631578947368421
0.8
0.09523809523809523
0
0.1
0.1
0.8
0.10526315789473684
0.10526315789473684
0
0.08695652173913043
0.631578947368421
0.8
0.75
0.631578947368421
0.8
1.0
1.0
1.0
0.631578947368421
0.631578947368421
0.8
0.75
0.631578947368421
0
1.0
1.0
1.0
0.631578947368421
0.8
0.3333333333333333
0.21052631578947367
0.5
0
0.3157894736842105
0.09523809523809523
0.5833333333333334
0.15384615384615385
0
0.15384615384615385
0
0.08333333333333333
0.8571428571428571
0.15384615384615385
0.08333333333333333
0.5384615384615384
0.7692307692307693
0.21052631578947367
0.3076923076923077
0
0.8461538461538461
0.3333333333333333
0.3
0.18181818181818182
0.5384615384615384
0.5833333333333334
0.3076923076923077
0.3076923076923077
0.3333333333333333
0
0
0
0
0.2
0.9230769230769231
0.3157894736842105
0.8461538461538461
0.46153846153846156
0.2
0.3
0.5833333333333334
0.15384615384615385
0.35714285714285715
0.4
0.2857142857142857
0.3076923076923077
0.25
0.3333333333333333
0.18181818181818182
0.46153846153846156
0.8571428571428571
0
0
0.4
0
0
0
0.5
0.5
0.2
0.2222222222222222
0.2222222222222222
0.25
0.25
0.2
0
0
0
0.2222222222222222
0.4
0
0
0.2222222222222222
0.10526315789473684
0
0
0.25
0
0.7142857142857143
0.7142857142857143
0.2857142857142857
0
0
0
0
0
0
0
0
0
1.0
0
0
0
0
1.0
0
0
0.2
0
0
0
0.5
0.3333333333333333
0
0.16666666666666666
0
0
0
0
0.5
0
0
0
0.3333333333333333
0
0
0
0.2222222222222222
0
0
0.2222222222222222
0
0.16666666666666666
0.2222222222222222
0.10526315789473684
0.42105263157894735
1.0
0.42105263157894735
0.7894736842105263
0.7894736842105263
0.5333333333333333
0.23076923076923078
0.2631578947368421
0.23076923076923078
0
0.3333333333333333
1.0
0.3333333333333333
0.23076923076923078
0
0.5333333333333333
1.0
0.22727272727272727
0.17647058823529413
0
0.3333333333333333
0.3333333333333333
0.3333333333333333
0.42105263157894735
0.42105263157894735
0.42105263157894735
1.0
0.5333333333333333
0.5333333333333333
0.42105263157894735
0.5333333333333333
0.5333333333333333
1.0
0.42105263157894735
0.2857142857142857
0.2
0.8333333333333334
0.8333333333333334
0
0
0
0
0
0.625
0
0.625
0
0.2
0.5714285714285714
0.18181818181818182
0.18181818181818182
0.5714285714285714
0
0
0
0
0
0
0
0
0
0.2
0
0
0
0
0.2
0
0.2
0
0
0
0.8333333333333334
0.25
0.18181818181818182
1.0
0
0.375
0
0
0
0.7142857142857143
0
0.625
0
0
0.8333333333333334
0.25
0.18181818181818182
1.0
0.7142857142857143
0.625
0
0.375
0
0
0
0
0.16666666666666666
0.5
0.4
0.5
0.5
0
0.2222222222222222
0
0
0
0
0
0
0.2727272727272727
0
0.3
0.18181818181818182
0.25
0.2222222222222222
0.375
0.15
0.2727272727272727
0
0.2222222222222222
0
0
0
0.15
0.3333333333333333
0.2222222222222222
0
0
0
0
0
0
0
0
0
0.5
0
0
0
0
0
0
0
0
0
0
0
0
0
0
0
0
0.3
0
0
0
0
0
0.25
0.25
0.25
0.2222222222222222
0.25
0.2222222222222222
0.4
0.3333333333333333
0.2
0.2857142857142857
0.3333333333333333
0.2857142857142857
0
0.5
0
0.2
0
0.375
0
0
0
0
0
0
0
0.4
0.4
0
0
0
0
0
0
0
0
0
0
0
0
0.9090909090909091
0.9090909090909091
0.8461538461538461
0.5
0.25
0.46153846153846156
0.3
0.38461538461538464
0.6
0.6
0.5
0.3
0
0
0
0
0
0.2
0
0
0.4
0.3333333333333333
0.2222222222222222
0
0
0.375
0
0
0.9090909090909091
0
1.0
0.7692307692307693
0.5
0.25
0.46153846153846156
0.5454545454545454
0.38461538461538464
0.6
0.5
0
0
0.9090909090909091
0
1.0
0.7692307692307693
0.5
0.25
0.5454545454545454
0.38461538461538464
0.6
0.5
0.46153846153846156
0
0
0.8461538461538461
0
0.7692307692307693
0.7692307692307693
0.38461538461538464
0
0.5454545454545454
0.3
0
0.6
0.6
0.5
0.5
0.25
0.125
0.2
0
0
0
0.2
0.3684210526315789
0.16666666666666666
0.3
0
0.3
0
0.2727272727272727
0.2
0
0
0
0.2
0.3684210526315789
0.1
0.14285714285714285
0
0
0.25
0.2
0.2
0.18181818181818182
0.2
0.3
0.2857142857142857
0.25
0.16666666666666666
0.2222222222222222
0.4
0.2222222222222222
0
0.2727272727272727
0
0.2727272727272727
0
0.3
0
0.16666666666666666
0.25
0.14285714285714285
0
0
0
0
0
0
0
0
0
0
0
0
0
0
0
0
0.16666666666666666
0.2222222222222222
0.2727272727272727
0
0
0
0
0.8
0
0
0.8
0
0
0
0
0
0
0
0
0
0
0
0
0
0
0.8
0
0
0.4
1.0
0
0
0
0
0
0
0
0
0
0
0
0
0.15
0
0
0.10526315789473684
0.14285714285714285
0
0
0.25
0.2
0.2
0.18181818181818182
0.2
0.18181818181818182
0.2857142857142857
0.25
0.16666666666666666
0.2222222222222222
0.2727272727272727
0.2222222222222222
0
0.16666666666666666
0
0.2727272727272727
0
0.18181818181818182
0
0
0.3333333333333333
0
0
0.10526315789473684
0.2857142857142857
0
0
0
0
0
0
0
0.5
0.2
0.2222222222222222
0.5
0.2222222222222222
0.25
0.25
0.2
0.21052631578947367
0.5
1.0
0.16666666666666666
0.25
0.23076923076923078
0.25
1.0
0.5
0.21052631578947367
0.23076923076923078
0.17391304347826086
0.5714285714285714
0.5
0.25
0.25
0.25
0.38095238095238093
0.23076923076923078
0.8421052631578947
0.34782608695652173
0.42105263157894735
1.0
0.42105263157894735
0
0.16666666666666666
0.23076923076923078
0
0
0
0
0
0.16666666666666666
0
0
0
0.14285714285714285
0.16666666666666666
0
0
0
0.35714285714285715
0
0
0
0
0.2
0.2
0.13333333333333333
0.2
0.4166666666666667
0.23076923076923078
0.14285714285714285
0.125
0.8
0.25
0.75
0.25
0
0.3333333333333333
1.0
0.25
0
0.8
0.3333333333333333
0.631578947368421
0.2
0
1.0
1.0
1.0
0.631578947368421
0.3333333333333333
0.7894736842105263
0.8421052631578947
0.46153846153846156
0
0.631578947368421
0.631578947368421
0.631578947368421
0.631578947368421
1.0
0.7894736842105263
0
0.5
0.3333333333333333
0
0.16666666666666666
0
0
0
0
0
0
0
0.3333333333333333
0.5
0
0
0
0.2222222222222222
0
0
0.5333333333333333
0.23076923076923078
0.2631578947368421
0.23076923076923078
0
0.3333333333333333
1.0
0.3333333333333333
0.23076923076923078
0
0.5333333333333333
0.22727272727272727
0.17647058823529413
0
0.3333333333333333
0.3333333333333333
0.3333333333333333
0.42105263157894735
1.0
0.7894736842105263
0.7894736842105263
0.42105263157894735
1.0
0.42105263157894735
0.5454545454545454
0.17391304347826086
0.5217391304347826
0.17391304347826086
0
0.631578947368421
0.22727272727272727
0.631578947368421
0.17391304347826086
0
0.5454545454545454
0.22727272727272727
0.24
0
0.631578947368421
0.631578947368421
0.631578947368421
0.46153846153846156
0.22727272727272727
0.8421052631578947
0
0.10714285714285714
0
0.631578947368421
0.631578947368421
0.631578947368421
0
0.631578947368421
1.0
0.7894736842105263
0.07142857142857142
0
0.07407407407407407
0.07407407407407407
0.7894736842105263
0.07692307692307693
0.07692307692307693
0
0.631578947368421
0.10344827586206896
0.17391304347826086
0.5714285714285714
0.36363636363636365
0.6666666666666666
0.14285714285714285
0.2
0.17647058823529413
0.2
0.6666666666666666
0.3333333333333333
0.17391304347826086
0.17647058823529413
0.24
0.3333333333333333
0.2
0.2
0.2
0.34615384615384615
0.17647058823529413
0.8421052631578947
0.10714285714285714
0.42105263157894735
0.08333333333333333
0.2727272727272727
0.42105263157894735
0.16666666666666666
0.08695652173913043
0.42105263157894735
1.0
0.10344827586206896
0.625
0.25
0.8333333333333334
0.2222222222222222
0.09523809523809523
0.45454545454545453
0.5555555555555556
0
0
0
0
0
0.5555555555555556
0.2222222222222222
0.8333333333333334
0.2
0.14285714285714285
0
0
0
0
0
0
0
0
0.2727272727272727
0
0
0
0
0
0
0
0
0.45454545454545453
0.625
0
0
0.16666666666666666
0.375
0.2222222222222222
0.2
0.14285714285714285
0.2222222222222222
0.3
0
0.2727272727272727
0.13043478260869565
0.15
0.09523809523809523
0.14285714285714285
0.14285714285714285
0
0
0.2
0.2727272727272727
0.2727272727272727
0.2727272727272727
0.15384615384615385
0.16666666666666666
0.15384615384615385
0.2222222222222222
0.2
0.14285714285714285
0.18181818181818182
0.14285714285714285
0.18181818181818182
0
0.23076923076923078
0
0
0.15384615384615385
0
0.75
0
0.09090909090909091
0
1.0
0.631578947368421
1.0
0
1.0
0.631578947368421
0.8
0.09523809523809523
0
0.1
0.1
0.8
0.10526315789473684
0.10526315789473684
0
1.0
0.08695652173913043
0.46153846153846156
0.5454545454545454
0.5217391304347826
0
0.631578947368421
0.631578947368421
0.631578947368421
0.631578947368421
0.46153846153846156
0.5454545454545454
0.08
0
0.7692307692307693
0
0.09523809523809523
0.09523809523809523
0.07142857142857142
0.09523809523809523
0
0.09523809523809523
0.07142857142857142
0.08333333333333333
0
0.9090909090909091
0.9090909090909091
0.08333333333333333
0.8181818181818182
0.8181818181818182
0
0.09523809523809523
0.8461538461538461
0.47368421052631576
0.25
0.391304347826087
0.18181818181818182
0.4090909090909091
0.45
0.45
0.47368421052631576
0
0.8333333333333334
0
0.8333333333333334
0
0
0
0
0
0
0
0
0
0
0
0
0
0
0
0
0
0.3333333333333333
0
1.0
1.0
0.08333333333333333
0
0.6923076923076923
0
0.1
0.1
0.07407407407407407
0.1
0
0.1
0.07407407407407407
0.08695652173913043
0.9090909090909091
0
1.0
0.08695652173913043
0.9
0.9
0
0.1
0.7692307692307693
0.47368421052631576
0.25
0.391304347826087
0.42857142857142855
0.4090909090909091
0.45
0.47368421052631576
0.08333333333333333
0
0.6923076923076923
0
0.1
0.1
0.07407407407407407
0.1
0
0.1
0.07407407407407407
0.08695652173913043
0.9090909090909091
0
1.0
0.08695652173913043
0.9
0.9
0
0.1
0.7692307692307693
0.47368421052631576
0.25
0.42857142857142855
0.4090909090909091
0.45
0.47368421052631576
0.391304347826087
0.08695652173913043
0
0.75
0
0.10526315789473684
0.10526315789473684
0.07692307692307693
0.10526315789473684
0.2222222222222222
0.10526315789473684
0.07692307692307693
0.09090909090909091
0.8181818181818182
0
0.9
0.9
0.09090909090909091
0.8333333333333334
0.625
0.10526315789473684
0.6923076923076923
0.43478260869565216
0.42857142857142855
0.5555555555555556
0.4090909090909091
0.45
0.45
0.391304347826087
0.11538461538461539
0
0.9230769230769231
0
0.08695652173913043
0.08695652173913043
0.10344827586206896
0.08695652173913043
0
0.08695652173913043
0.10344827586206896
0.07692307692307693
0.8461538461538461
0
0.7692307692307693
0.7692307692307693
0.07692307692307693
0.6923076923076923
0.6923076923076923
0
0.08695652173913043
0.25
0.4090909090909091
0
0.42857142857142855
0.18181818181818182
0
0.45
0.45
0.47368421052631576
0.47368421052631576
0.24
0.13636363636363635
0
0
0
0
0
0
0
0.25
0
0.16666666666666666
0
0
0
0
0.3333333333333333
0.2222222222222222
0
0.5
0.1111111111111111
1.0
0.15384615384615385
0
1.0
0
0.42105263157894735
0.16666666666666666
0.42105263157894735
0.10526315789473684
0.34782608695652173
0.4
0.6666666666666666
0.34782608695652173
0.6666666666666666
0.11538461538461539
0.9230769230769231
0.10526315789473684
0.5384615384615384
0
0.10526315789473684
0
0.10344827586206896
0.46153846153846156
0.10526315789473684
0.10344827586206896
0.125
0.3333333333333333
0
0.21052631578947367
0.46153846153846156
0
0.15789473684210525
0.15789473684210525
0.16666666666666666
0.16666666666666666
0.24
0.5
0
0
0
0
0
0.4
0.2857142857142857
0.2857142857142857
0.2857142857142857
0.25
0.2857142857142857
0.25
0.4
0.2222222222222222
0.3333333333333333
0.2222222222222222
0.3333333333333333
0
0.2222222222222222
0
0.2222222222222222
0
0.25
0
0
0
0.3333333333333333
0.4
0.16666666666666666
0.2727272727272727
0.15384615384615385
0.45454545454545453
0.45454545454545453
0.2222222222222222
0.2
0.14285714285714285
0.3
0.3
0
0.45454545454545453
0
0.14285714285714285
0
0.5
0.8
0.3888888888888889
0
0.2
0.25
0.8
0.3
0
0
1.0
0.14285714285714285
0
0
0.5
0.2727272727272727
0.16666666666666666
0.16666666666666666
0.15384615384615385
0.16666666666666666
0.25
0.2222222222222222
0.2
0.14285714285714285
0.18181818181818182
0.45454545454545453
0.18181818181818182
0
0
0.23076923076923078
0
0.5
0
0.13043478260869565
0.2222222222222222
0
0
0.10526315789473684
0.3684210526315789
0
0
0.25
0
0
0.375
0.3
0.18181818181818182
0.18181818181818182
0.2727272727272727
0.18181818181818182
0.2727272727272727
0.25
0.2222222222222222
0.25
0.2
0.5
0.2
0
0.5
0
0.15384615384615385
0
0
0.3
0
0.16
0.3684210526315789
0.10526315789473684
0
0
0
0
0
0
0
0
0
0
0
0
0
0.8
0
0
0
0
0
0
0
0
0
0
0
0
0
0
0
0
0.4
0
0
0
1.0
0
0
0
0
0
0
0
0
0
0
0
0
0
0
0
0.4
1.0
0
0
0
0
0
0
0
0
0
0
0
0.8
0
0
0
0
0
0
0
0
0
0.5
0.2
0.2222222222222222
0.5
0.2222222222222222
0.25
0.25
0.2
0
0
0
0
0.25
0.25
0.14285714285714285
0.25
0.25
0.25
0.2727272727272727
0.14285714285714285
0.1875
0
0.11764705882352941
0.16666666666666666
0.16
0
0
0
0.2
0.2
0.125
0.3076923076923077
0.2
0.13333333333333333
0.14285714285714285
0.14285714285714285
0
0
0.16666666666666666
0.15384615384615385
0.16666666666666666
0.16666666666666666
0
0.26666666666666666
0
0
0
0
0
0
0.16666666666666666
0.14285714285714285
0.3333333333333333
0
0
0.2222222222222222
0.3684210526315789
1.0
0.625
0.5
0.25
0.5
0.2727272727272727
0.5
0
0.3
0.8333333333333334
0.7142857142857143
0
0.16666666666666666
0
0
0
0
0
1.0
0
0.625
0
0.8333333333333334
0
0.5
0.7142857142857143
0.25
0.375
0
0
0.25
0.5
0.25
0
0
0
0.1875
0.45454545454545453
0.2222222222222222
0.3
0.6923076923076923
0.46153846153846156
0.391304347826087
0.8461538461538461
0.9230769230769231
0.7692307692307693
0.6923076923076923
0.6
0.6923076923076923
0.16666666666666666
0.9090909090909091
0.2857142857142857
0.5
1.0
0.6923076923076923
0.9
0.45
0.15789473684210525
0.23076923076923078
0
0
0.5
0.8181818181818182
0.5454545454545454
0.42857142857142855
0.8461538461538461
0.7692307692307693
0.9090909090909091
0.8181818181818182
0.9
0.6
0.45
0.7692307692307693
0.3076923076923077
0.6923076923076923
1.0
0.9
0.9
0.6
0.45
0.7692307692307693
0.9090909090909091
0.6923076923076923
0.9
0.9
0.6
0.45
0.9090909090909091
0.6923076923076923
0.9
0.7692307692307693
1.0
0.5
0.47368421052631576
0.6923076923076923
0.8181818181818182
0.75
0.9
0.9
0.45
0.9090909090909091
0
0.6923076923076923
1.0
0.7692307692307693
0.8181818181818182
0.5454545454545454
0.42857142857142855
0.7692307692307693
0.9090909090909091
0.8181818181818182
0.8461538461538461
0.9
0.6
0.45
0.7692307692307693
0.3076923076923077
0.6923076923076923
1.0
0.9
1.0
0.5
0.47368421052631576
0.8181818181818182
0.75
0.9
0.6923076923076923
0.9
0.45
0.9090909090909091
0
0.6923076923076923
1.0
0.7692307692307693
0.6923076923076923
0.46153846153846156
0.391304347826087
0.8461538461538461
0.9230769230769231
0.7692307692307693
0.6923076923076923
0.6
0.6923076923076923
0
0.9090909090909091
0.3076923076923077
0
1.0
0.9
0.9
0.45
0.15789473684210525
0.23076923076923078
0
0
0
0.2727272727272727
0
0.3
0
0.5
0.25
0
0
0
0.18181818181818182
0.45454545454545453
0
0.11764705882352941
0.2222222222222222
0.3684210526315789
0
0
0
0
0
0.8
0
0
0
0
0
0
0
0
0
0
0
0
0
0.4
0
0
0
1.0
0
0
0.6666666666666666
0
0
0
0.8333333333333334
0
0.625
0
0
0.8333333333333334
0
0.6666666666666666
0.625
0.8181818181818182
0.42857142857142855
0
0.7692307692307693
0.9090909090909091
0.9090909090909091
0.8461538461538461
1.0
0.5
0.47368421052631576
0.6923076923076923
0.3333333333333333
0.75
0.9
0.9
0.6923076923076923
0.391304347826087
0.8461538461538461
0
0.9230769230769231
0.7692307692307693
0.7692307692307693
0.5
0.75
0
0.8181818181818182
0.3333333333333333
0
0.9
0.9
1.0
0.47368421052631576
0.16666666666666666
0.25
0.4
0.4
0
0
0
0.16666666666666666
0.5
0.4
0.5
0
0.2222222222222222
0
0
0
0
0
0
0.5
0.6923076923076923
0.46153846153846156
0.391304347826087
0.5384615384615384
0.9230769230769231
0.7692307692307693
0.7692307692307693
0.6923076923076923
0.5454545454545454
0.7692307692307693
0.16666666666666666
0.35714285714285715
0.5
0.9090909090909091
0.9090909090909091
0.6428571428571429
0.8181818181818182
0.42857142857142855
0.21052631578947367
0.3076923076923077
0
0
0.5
